0.000001

10

221
273
307
329
334
188
874
657
486
1021

116

22
25
20
23
9
14
15
17
30
34
26
29
19
23
49
53
31
35
40
40
62
64
17
20
23
27
54
55
22
24
49
54
6
10
69
70
14
17
29
32
49
51
26
27
34
37
2
3
2
5
27
28
12
13
43
44
62
65
11
13
6
8
22
22
66
71
31
36
24
25
48
52
13
18
46
48
31
31
15
16
42
43
82
86
25
27
74
79
28
31
29
34
8
9
3
7
47
49
16
19
27
28
41
43
47
49
7
7
86
88
182
187
10
12
105
107
159
162
207
209
20
21
105
108
114
118
35
36
89
92
43
44
110
114
120
122
87
91
20
21
39
43
114
119
111
112
21
23
116
117
15
15
23
25
29
30
57
57
147
149
202
202
219
221
42
43
158
160
200
202
53
54
7
4
13
9
12
6
7
3
28
25
15
13
33
31
6
4
7
2
14
11
5
1
10
5
32
27
32
29
11
6
33
30
24
19
21
18
15
9
33
30
6
5
21
19
8
3
10
6
17
16
30
29
8
6
20
18
30
25
9
5
